train:
  dropout: 0.3310474675875413
  epochs: 10
  lr: 0.00032317932933517593
  unfreeze_n: 5
